0 1
170
5 15
37 59
41 40
57 71
58 72
59 90
60 91
67 81
76 109
81 113
96 213
100 114
107 166
109 118
111 138
113 172
133 206
138 207
144 212
147 161
150 465
152 173
155 180
158 186
159 188
162 194
164 195
165 231
191 254
192 255
213 294
218 286
227 226
228 227
231 318
232 292
244 235
249 301
250 247
251 248
260 230
261 310
264 316
266 322
270 324
281 354
287 364
297 383
300 264
305 409
311 412
313 417
314 288
317 419
335 321
341 239
347 339
351 630
352 631
353 442
362 362
369 368
376 449
423 562
425 567
426 568
427 569
429 565
434 578
437 575
438 583
456 591
462 592
463 593
464 594
465 596
466 600
468 599
469 589
470 590
471 601
476 453
477 454
481 470
482 471
484 297
486 475
489 615
491 482
498 488
499 489
501 616
505 440
506 625
507 502
510 606
511 504
514 644
518 648
519 618
521 620
526 331
534 642
535 448
536 480
537 922
539 650
542 476
547 657
549 661
557 459
570 496
600 541
614 796
625 817
629 570
635 824
637 826
638 827
649 835
650 836
673 595
676 855
677 857
678 628
679 629
683 638
690 866
699 675
700 683
701 684
703 871
712 612
713 613
732 894
733 895
739 877
742 883
743 913
744 914
755 888
757 681
761 936
763 904
766 912
767 915
773 933
776 686
792 950
802 692
805 696
821 734
829 1052
830 1055
910 823
918 840
919 841
934 864
935 865
950 854
965 843
966 844
978 862
979 863
991 956
1008 869
1055 1042
1073 957
1076 977
1142 1099
0 2
44
41 57
59 89
60 90
100 168
109 156
138 204
151 184
152 183
155 189
158 192
159 191
164 196
218 278
227 232
237 240
250 258
305 393
308 516
334 238
335 333
336 838
348 358
437 527
462 535
465 543
477 464
482 480
499 486
505 555
506 549
526 422
534 582
635 730
678 628
699 654
700 481
706 758
733 762
743 774
763 580
766 818
805 614
944 877
960 749
1 2
248
2 3
6 5
7 6
19 20
24 24
28 28
32 44
40 57
59 53
65 65
69 68
70 69
71 88
79 75
83 82
84 81
90 89
91 90
92 92
93 62
103 108
107 141
109 118
114 168
118 156
130 136
149 205
151 140
153 155
166 157
171 216
172 217
173 183
180 189
186 192
187 226
188 191
189 169
190 193
194 195
195 196
199 175
200 180
203 146
207 204
211 206
212 280
213 302
226 232
227 233
235 245
245 231
247 258
249 218
250 219
251 256
270 694
271 267
273 377
281 274
282 275
286 278
287 279
290 281
291 282
292 277
303 312
305 407
311 403
315 329
318 331
321 333
322 420
323 291
324 297
327 293
331 422
339 354
347 358
348 228
353 259
360 304
361 305
372 322
374 321
375 324
376 325
379 326
380 327
385 459
391 346
392 349
409 393
410 385
411 386
412 387
413 523
414 524
415 389
417 528
422 394
423 400
430 770
432 312
437 402
439 410
440 555
441 412
444 417
451 587
452 588
454 464
468 608
471 480
484 311
489 486
493 443
494 442
496 423
507 435
521 457
527 458
529 459
534 469
535 473
536 471
537 472
538 475
541 488
554 515
562 714
563 521
566 525
575 527
576 738
577 739
583 532
586 791
587 533
588 536
589 520
592 535
594 534
596 543
606 776
613 755
616 547
620 569
621 567
622 568
623 793
625 549
627 572
628 628
630 551
631 552
634 409
637 554
641 556
642 582
648 563
650 827
660 837
662 570
667 814
675 654
679 595
683 481
684 482
691 604
692 613
693 612
696 614
697 483
713 942
717 600
729 649
734 619
740 629
742 635
762 680
783 701
784 702
786 726
787 727
789 742
792 709
795 707
796 708
797 737
798 712
799 713
800 715
801 716
803 721
820 718
821 719
823 733
824 730
826 728
829 796
830 795
831 740
839 815
844 720
845 743
850 724
854 753
858 754
861 751
862 735
863 736
866 747
872 773
888 794
891 760
894 761
895 762
904 580
910 821
912 818
913 774
914 775
925 650
926 651
927 829
928 788
929 789
939 591
944 846
950 855
966 425
977 863
981 953
989 859
997 617
1004 962
1006 854
1021 862
1024 864
1037 896
1038 899
1045 907
1058 928
1059 974
1063 939
1086 960
1093 973
0 3
365
1 2
3 7
5 9
9 19
12 17
13 18
24 34
30 38
31 39
32 37
34 43
36 41
37 69
38 46
39 48
42 52
43 53
48 59
51 63
52 65
57 103
58 53
59 107
60 108
68 88
69 90
70 91
73 64
75 94
76 95
77 96
78 98
81 104
83 160
88 111
89 113
91 115
93 117
96 120
97 121
98 178
99 123
100 130
101 133
103 306
104 139
107 144
108 145
109 106
110 142
111 143
117 146
118 150
119 151
120 109
123 225
128 167
129 165
130 168
139 176
140 177
141 178
142 181
144 185
145 186
153 204
154 203
155 205
156 306
157 206
158 311
162 138
164 209
165 214
166 215
169 146
170 328
172 334
173 217
175 335
184 227
185 228
187 236
189 229
190 230
191 229
194 232
195 233
197 234
198 358
199 239
201 240
211 255
213 260
214 261
215 262
218 265
219 184
220 274
221 272
223 271
225 270
226 278
227 286
228 285
229 284
230 283
231 299
232 290
233 288
234 289
237 301
238 302
239 303
241 292
242 294
243 304
244 305
248 309
250 419
252 317
253 319
254 320
255 323
256 213
257 316
258 322
261 326
264 454
265 327
266 333
267 337
268 331
282 351
283 489
286 352
287 353
289 355
290 357
291 359
299 360
300 361
301 362
302 363
314 369
315 366
316 367
317 370
320 374
321 264
322 377
325 380
326 382
327 381
329 386
332 396
333 397
334 287
335 399
338 401
339 404
348 412
349 418
351 604
353 422
355 423
361 441
362 617
363 618
366 446
367 440
368 435
369 436
370 442
373 450
374 449
376 458
377 464
378 467
379 470
386 479
396 480
397 347
400 690
401 484
402 356
403 695
408 492
409 495
410 496
411 497
412 706
413 498
429 513
430 515
433 367
434 516
436 517
438 524
439 526
443 536
444 539
445 385
447 782
448 547
455 558
456 554
458 556
459 387
462 453
464 570
465 569
466 572
468 575
469 576
470 577
476 585
477 586
479 581
480 589
485 591
486 592
487 597
491 600
495 415
497 614
498 864
499 865
510 623
511 607
513 611
516 630
517 619
518 616
520 631
523 639
525 643
527 643
528 626
529 628
530 629
536 447
539 649
541 461
542 452
545 457
568 681
570 478
573 687
574 688
576 942
577 690
579 930
590 701
599 955
600 961
604 711
629 752
630 753
635 756
636 1056
644 1069
645 1074
646 1075
651 775
652 776
656 543
657 544
663 783
665 785
668 551
669 786
672 792
674 1123
675 799
678 573
684 818
690 822
697 584
704 855
705 856
709 1204
712 860
713 861
717 867
718 868
719 878
723 870
724 871
727 621
735 611
737 889
738 891
742 894
743 1223
748 880
753 884
754 896
761 899
766 1258
767 906
769 905
773 901
775 904
778 916
785 922
792 925
798 929
802 936
812 944
815 937
819 934
820 941
821 943
822 938
824 692
829 1319
832 949
833 950
839 1328
847 1332
849 1333
862 973
863 974
913 1058
927 1065
933 1078
935 768
944 789
952 1121
954 1130
963 816
964 815
965 1151
966 1152
978 835
980 1161
981 840
1010 1210
1015 882
1028 1219
1031 1231
1040 876
1046 1229
1059 1251
1063 1252
1064 1248
1077 1260
1085 1264
1092 1253
1093 910
1096 1271
1102 923
1110 1283
1118 1291
1121 1293
1132 1301
1138 1292
1156 1297
1159 1289
1219 1321
1237 1344
1238 1331
1245 1334
1282 975
1 3
89
15 9
65 66
90 107
91 108
109 95
114 130
118 106
134 102
138 143
164 314
166 144
180 205
194 138
195 209
212 185
217 203
225 211
226 286
247 419
254 229
264 361
286 265
288 369
294 260
297 306
302 317
308 559
311 417
312 314
315 282
316 454
321 399
324 473
368 436
378 493
419 370
426 317
439 643
441 643
442 422
445 647
446 397
453 585
468 646
475 592
476 452
477 453
480 447
482 600
488 864
489 865
496 478
504 607
509 1261
523 701
541 961
565 513
583 524
589 576
590 577
591 554
596 569
599 575
600 572
606 623
628 573
630 604
635 642
648 616
650 649
685 904
692 936
734 943
741 941
762 967
824 756
843 1151
844 1152
862 835
865 768
872 621
875 624
882 895
883 894
913 1223
944 923
950 925
1040 1239
1041 1240
2 3
31
65 66
89 107
90 108
108 116
141 122
156 106
168 130
189 205
238 287
240 301
258 419
287 314
295 454
333 399
353 600
358 412
405 314
410 643
412 643
416 454
484 600
486 865
488 961
551 604
552 605
563 616
628 573
640 643
730 756
750 1194
892 85
0 4
126
30 58
31 59
41 55
57 72
59 78
60 79
76 104
109 113
133 165
145 160
191 185
198 196
199 202
213 237
218 226
221 176
226 174
229 258
230 257
232 232
234 265
236 191
267 254
291 260
294 266
300 207
301 391
302 282
308 307
316 310
320 337
321 229
322 231
324 322
325 341
326 343
328 340
334 264
351 495
376 362
409 383
420 440
422 442
426 452
427 453
439 465
443 524
444 526
445 345
446 464
447 531
448 530
452 528
453 347
454 348
456 471
457 477
464 473
465 479
470 462
494 488
504 491
506 492
508 493
509 494
510 823
541 541
542 338
549 547
551 550
577 212
603 389
613 704
619 442
621 718
628 723
629 454
633 746
637 743
638 744
644 759
648 771
649 747
653 1225
659 529
662 841
665 840
668 532
672 775
723 791
724 792
732 794
733 795
735 497
761 854
766 1301
788 563
796 685
798 587
830 900
856 953
865 618
892 727
915 1159
922 745
924 760
926 754
927 1178
930 1155
932 772
933 1170
942 1266
949 1290
950 1202
951 1267
952 774
953 786
954 1193
960 785
987 914
1026 827
1047 808
1095 874
1121 911
1127 1144
1164 1306
1 4
89
3 3
40 55
57 67
71 72
84 68
90 78
91 79
107 102
108 140
109 104
118 113
132 88
200 202
206 165
251 211
252 187
254 185
262 203
264 207
278 164
280 165
283 151
286 226
292 232
294 237
316 358
374 260
379 266
383 268
389 275
415 312
449 362
476 338
477 339
491 396
492 397
522 376
523 377
529 383
537 389
550 430
552 443
553 444
562 441
565 445
566 449
568 452
569 453
570 454
576 459
590 462
591 471
596 479
599 478
630 495
631 496
637 497
644 504
702 935
715 933
734 552
744 663
746 1027
762 629
778 439
786 719
790 739
791 740
798 715
809 722
814 730
821 729
831 757
835 747
884 790
888 838
894 794
895 795
897 796
936 854
937 855
1012 962
1026 859
1055 900
1065 1492
1076 1035
1077 1065
1088 1026
1101 1701
2 4
67
88 72
89 78
90 79
112 127
113 128
118 104
119 101
122 115
139 133
141 102
142 103
156 113
225 187
238 264
247 273
254 288
255 290
256 211
278 226
280 162
295 358
296 350
326 266
330 376
355 402
356 616
378 914
381 306
389 312
395 318
416 358
489 623
516 307
537 456
538 457
543 479
549 492
551 495
552 496
554 497
556 501
558 346
619 552
641 351
670 594
671 933
676 995
680 629
712 715
714 441
720 1185
726 719
727 720
728 743
729 744
735 1196
738 459
739 460
740 757
749 785
775 803
794 838
819 857
896 869
917 1326
918 1335
948 933
3 4
58
61 45
106 113
107 78
108 79
117 92
186 160
239 202
258 225
260 237
265 226
287 264
289 265
332 182
354 261
358 196
361 207
363 282
373 324
374 337
377 231
380 341
382 343
385 345
388 348
405 387
453 339
458 362
495 383
536 524
539 526
547 530
551 532
554 471
569 479
577 462
604 495
605 496
637 816
651 540
733 655
758 459
761 757
782 531
785 840
792 775
817 553
870 791
871 792
967 629
987 643
1065 1178
1071 1227
1072 1228
1077 1169
1159 1326
1194 787
1250 1308
1258 1301
4 5
50
178 173
185 126
187 129
193 134
255 186
256 185
266 137
267 136
376 200
462 350
492 355
493 517
494 516
497 356
501 360
510 374
512 369
513 368
551 380
561 267
719 641
720 642
762 720
763 721
789 521
794 515
795 514
796 745
804 535
807 538
814 548
853 541
858 542
887 387
891 570
1212 734
1231 540
1294 782
1295 781
1298 762
1306 755
1324 790
1325 791
1329 864
1336 558
1337 559
1338 799
1339 800
1341 811
1371 829
5 6
159
1 0
12 21
21 24
22 25
27 46
33 54
34 55
35 56
48 48
49 66
51 49
54 53
57 78
76 90
82 74
83 75
85 73
87 76
96 475
108 132
112 79
113 104
120 117
150 128
151 129
152 132
156 134
157 133
163 139
173 163
174 164
198 242
201 176
208 186
213 256
214 194
217 193
218 192
224 264
225 266
233 201
236 145
246 222
247 225
271 240
273 358
276 361
277 246
280 249
282 252
283 253
297 263
298 259
299 259
301 272
304 403
311 274
312 401
314 277
339 465
347 743
349 323
350 325
351 326
354 503
355 507
356 508
359 509
360 328
374 521
386 342
391 360
404 375
408 576
414 381
415 573
418 377
426 578
441 398
442 399
456 406
463 414
471 430
474 433
476 656
485 460
490 462
492 477
493 478
495 714
497 471
499 474
502 736
505 482
506 483
507 484
508 485
514 778
516 500
517 501
526 513
527 514
530 512
532 518
533 787
541 528
573 354
584 558
589 565
610 586
611 587
621 595
631 917
633 606
641 940
644 953
649 633
651 644
653 641
655 655
659 663
660 665
664 675
670 681
674 682
681 716
688 723
695 734
696 738
700 953
717 752
718 750
720 771
721 772
736 769
737 770
739 782
744 780
745 781
750 785
751 786
754 788
755 789
759 791
762 793
771 795
779 810
780 811
795 802
814 817
820 829
826 837
837 833
872 868
875 885
891 890
905 608
906 928
913 931
5 7
168
2 0
7 4
9 7
11 8
18 35
19 25
20 26
27 51
33 57
34 58
35 59
49 75
51 54
54 83
55 106
56 107
57 88
67 98
76 102
77 80
82 84
83 85
84 111
85 110
91 92
105 140
106 111
108 147
113 113
120 128
131 252
140 198
141 137
150 202
151 203
152 147
153 145
156 149
157 206
163 157
164 159
165 164
173 183
174 184
188 252
195 192
198 256
202 197
206 263
207 139
208 269
210 271
214 148
217 283
218 277
219 291
222 278
224 290
225 293
248 246
273 381
275 261
276 262
296 281
297 287
299 279
304 429
312 421
313 422
314 302
315 218
316 219
339 490
346 353
347 759
350 505
351 355
352 356
354 515
356 523
360 359
363 360
368 363
369 364
377 805
389 380
407 403
410 390
416 394
418 577
419 577
431 410
441 595
442 596
447 425
458 309
463 618
485 696
491 712
502 738
506 752
507 498
508 497
509 502
514 766
515 767
516 512
517 513
518 769
519 770
520 521
521 522
526 779
527 525
530 527
532 791
533 795
535 531
541 533
543 538
544 814
555 549
563 824
572 838
573 833
577 837
584 845
585 844
586 848
587 1046
589 861
592 568
599 572
610 901
611 904
613 913
621 918
631 932
633 609
651 655
653 660
655 664
670 683
673 689
682 717
683 721
688 724
717 764
718 765
720 757
721 758
730 761
731 762
735 780
736 783
744 774
745 775
770 799
805 821
837 843
844 855
870 870
881 899
882 905
905 946
906 944
912 939
915 960
6 7
287
5 8
13 15
18 22
26 28
27 41
28 29
29 43
35 43
46 51
49 54
51 82
53 83
54 57
55 58
56 59
62 65
64 71
66 75
67 76
69 141
70 80
72 81
73 110
74 84
75 85
78 88
81 123
86 97
90 102
91 104
93 143
96 111
104 113
116 127
117 128
124 138
128 202
129 203
130 111
131 205
132 147
133 206
134 149
139 157
144 161
149 174
151 170
152 171
153 172
155 176
156 177
157 179
163 183
164 184
166 185
167 186
169 252
178 198
186 269
190 145
192 277
193 283
199 218
200 219
205 225
212 230
213 231
216 236
219 238
220 239
223 243
231 358
247 261
248 263
253 268
254 391
258 278
259 279
260 281
263 287
264 290
266 293
267 419
273 296
277 302
285 308
286 309
295 458
303 332
304 333
305 338
306 339
308 334
309 335
310 304
311 336
312 337
317 501
320 511
324 504
325 505
326 355
328 359
329 357
330 358
333 530
336 532
340 545
342 373
351 550
354 833
355 380
358 381
361 262
366 562
367 387
369 389
376 576
377 577
378 403
379 404
380 583
382 406
383 407
385 587
387 413
388 414
390 410
391 411
393 597
394 415
395 419
396 417
398 595
399 596
400 418
401 421
403 429
407 433
414 618
435 468
439 473
440 477
443 681
445 479
448 481
457 482
458 483
460 696
463 712
465 490
466 715
467 491
470 484
473 719
479 495
480 492
484 498
485 497
486 506
488 503
500 512
501 513
503 515
504 516
511 776
512 527
513 779
516 786
518 791
519 534
525 535
526 536
528 533
529 806
532 816
533 800
535 818
536 543
551 837
556 848
557 844
558 845
562 571
563 568
565 861
577 578
578 580
581 581
583 582
585 900
586 901
587 904
588 586
591 588
592 909
595 918
597 590
601 594
602 422
605 601
606 609
608 946
619 1037
630 652
631 653
632 670
641 660
642 662
644 655
650 657
655 664
658 656
662 677
666 680
674 676
679 686
680 684
681 683
685 692
688 699
691 691
692 697
693 698
698 695
699 708
701 713
704 705
712 722
718 726
719 727
732 732
733 733
735 737
736 738
737 739
743 759
744 756
750 765
751 763
752 764
753 736
758 768
760 771
761 772
768 782
769 783
771 757
772 758
778 766
781 775
782 760
787 795
788 789
790 790
793 794
800 799
814 823
816 815
832 838
833 843
860 882
874 878
880 899
884 891
885 898
899 916
912 935
915 927
921 941
922 942
926 938
928 944
951 985
953 744
958 1001
959 1002
960 639
961 640
963 995
964 996
975 1006
980 1005
985 1023
992 1036
994 1033
998 1036
4 8
29
178 262
193 176
196 244
261 245
306 425
328 541
376 350
379 358
383 349
389 242
396 323
431 425
493 744
494 745
497 734
593 518
629 306
795 1065
796 1052
848 289
891 1014
962 289
1231 1019
1291 505
1336 1026
1337 1025
1375 1009
1378 353
1392 999
5 8
85
34 76
57 89
125 255
163 149
178 256
179 260
185 252
192 245
199 351
200 350
214 161
226 312
252 377
281 594
296 217
298 323
299 323
303 315
309 464
311 309
336 748
339 683
351 541
356 734
358 738
360 529
363 528
368 527
370 524
380 731
394 594
395 595
404 490
412 416
413 415
425 649
440 632
441 466
449 436
450 437
470 1130
471 1129
476 1054
514 1065
515 1064
516 745
517 744
522 1056
523 1055
539 763
540 1019
542 1093
558 1026
559 1025
570 1014
578 995
586 927
589 670
601 656
606 586
608 585
610 883
611 639
624 634
626 846
627 845
629 615
633 609
655 1057
660 1080
667 1067
734 1063
745 1052
772 1082
783 1059
795 289
799 1038
800 1037
829 1020
835 1016
836 1015
849 797
851 793
870 657
917 819
6 8
49
26 75
78 89
97 163
98 162
137 152
139 149
152 248
186 335
205 188
259 323
273 312
274 309
303 532
306 514
326 541
328 529
350 523
367 331
375 490
398 466
403 449
440 729
441 1050
446 972
447 971
448 706
500 745
501 744
508 734
511 697
513 702
565 670
566 671
586 883
587 639
601 632
606 609
655 1057
656 1054
662 1030
665 1080
674 1079
778 1065
781 1052
802 289
841 793
928 848
929 827
932 825
7 8
108
28 75
58 76
69 63
83 96
88 89
144 221
148 161
151 157
157 149
164 102
170 249
171 248
215 152
217 136
225 188
226 187
230 540
241 384
242 383
269 335
278 322
279 323
282 213
292 478
296 312
298 305
302 298
310 148
330 542
332 532
339 514
355 541
358 769
359 529
360 528
363 527
366 523
387 331
390 662
405 481
410 484
412 478
428 450
429 449
435 455
436 297
440 435
441 408
451 280
465 710
466 747
468 1096
469 720
470 1000
473 737
477 729
481 706
487 700
490 683
510 742
512 745
513 744
519 732
523 734
531 719
571 660
594 632
595 466
599 625
600 626
609 609
611 572
612 571
628 575
629 576
655 1098
657 752
658 1072
661 1086
664 1057
666 1001
668 1085
676 1079
694 1002
699 959
713 957
731 943
766 1065
767 1064
775 1052
776 697
779 702
795 1022
797 1019
824 642
847 928
848 927
861 670
864 656
875 910
901 883
904 639
940 853
942 846
944 848
948 610
951 827
952 824
